min : 61.86376953125
max : 9983.940185546875
avg : 87.61275