min : 1.6689300537109375e-06
max : 0.3093290328979492
avg : 160.29075