min : 0.006631612777709961
max : 0.21577835083007812
avg : 131.71933