min : 59.077880859375
max : 9983.86669921875
avg : 85.44111