min : 0.00014090538024902344
max : 0.21376514434814453
avg : 4.48106