min : 0.009907007217407227
max : 0.26030850410461426
avg : 25.79222