min : 0.09905290603637695
max : 0.5983779430389404
avg : 119.8495