min : 0.006711244583129883
max : 0.2989652156829834
avg : 121.86082