min : 0.0008299350738525391
max : 0.06738758087158203
avg : 1.59559