min : 3.337860107421875e-05
max : 2.0212278366088867
avg : 304.7908