min : 0.004693031311035156
max : 0.21588897705078125
avg : 28.63377