min : 0.006617069244384766
max : 0.24873566627502441
avg : 25.06079