min : 0.0037593841552734375
max : 0.5165891647338867
avg : 40.49866