min : 50.720458984375
max : 52.317626953125
avg : 51.16639