min : 0.0007476806640625
max : 0.10551977157592773
avg : 1.57966