min : 0.017741680145263672
max : 0.5828332901000977
avg : 34.75293