min : 7.581710815429688e-05
max : 0.06981945037841797
avg : 2.73102