min : 0.0005824565887451172
max : 0.43312835693359375
avg : 129.55728