min : 51.2412109375
max : 60.70556640625
avg : 51.6589