min : 0.008916616439819336
max : 1.2201037406921387
avg : 285.04149
