min : 6.914138793945312e-05
max : 0.06916975975036621
avg : 2.7655